{
 "cells": [
  {
   "cell_type": "markdown",
   "metadata": {},
   "source": [
    "### Proteins example recreated in python from \n",
    "https://rstudio-pubs-static.s3.amazonaws.com/33876_1d7794d9a86647ca90c4f182df93f0e8.html and http://nbviewer.jupyter.org/github/OxanaSachenkova/hclust-python/blob/master/hclust.ipynb"
   ]
  },
  {
   "cell_type": "code",
   "execution_count": 1,
   "metadata": {
    "collapsed": true
   },
   "outputs": [],
   "source": [
    "import numpy as np"
   ]
  },
  {
   "cell_type": "code",
   "execution_count": 2,
   "metadata": {
    "collapsed": false
   },
   "outputs": [],
   "source": [
    "from numpy import genfromtxt\n",
    "data = genfromtxt('http://www.biz.uiowa.edu/faculty/jledolter/DataMining/protein.csv',delimiter=',',names=True,dtype=float)"
   ]
  },
  {
   "cell_type": "markdown",
   "metadata": {},
   "source": [
    "note numpy also has recfromcsv() and pandas can read_csv, with pandas DF.value giving a numpy array"
   ]
  },
  {
   "cell_type": "code",
   "execution_count": 3,
   "metadata": {
    "collapsed": false
   },
   "outputs": [
    {
     "data": {
      "text/plain": [
       "25"
      ]
     },
     "execution_count": 3,
     "metadata": {},
     "output_type": "execute_result"
    }
   ],
   "source": [
    "len(data)"
   ]
  },
  {
   "cell_type": "code",
   "execution_count": 4,
   "metadata": {
    "collapsed": false
   },
   "outputs": [
    {
     "data": {
      "text/plain": [
       "10"
      ]
     },
     "execution_count": 4,
     "metadata": {},
     "output_type": "execute_result"
    }
   ],
   "source": [
    "len(data.dtype.names)"
   ]
  },
  {
   "cell_type": "code",
   "execution_count": 5,
   "metadata": {
    "collapsed": false
   },
   "outputs": [
    {
     "data": {
      "text/plain": [
       "('Country',\n",
       " 'RedMeat',\n",
       " 'WhiteMeat',\n",
       " 'Eggs',\n",
       " 'Milk',\n",
       " 'Fish',\n",
       " 'Cereals',\n",
       " 'Starch',\n",
       " 'Nuts',\n",
       " 'FrVeg')"
      ]
     },
     "execution_count": 5,
     "metadata": {},
     "output_type": "execute_result"
    }
   ],
   "source": [
    "data.dtype.names"
   ]
  },
  {
   "cell_type": "code",
   "execution_count": 6,
   "metadata": {
    "collapsed": false
   },
   "outputs": [
    {
     "data": {
      "text/plain": [
       "numpy.ndarray"
      ]
     },
     "execution_count": 6,
     "metadata": {},
     "output_type": "execute_result"
    }
   ],
   "source": [
    "type(data)"
   ]
  },
  {
   "cell_type": "code",
   "execution_count": 7,
   "metadata": {
    "collapsed": false
   },
   "outputs": [
    {
     "data": {
      "text/plain": [
       "array([(nan, 10.1, 1.4, 0.5, 8.9, 0.2, 42.3, 0.6, 5.5, 1.7),\n",
       "       (nan, 8.9, 14.0, 4.3, 19.9, 2.1, 28.0, 3.6, 1.3, 4.3),\n",
       "       (nan, 13.5, 9.3, 4.1, 17.5, 4.5, 26.6, 5.7, 2.1, 4.0),\n",
       "       (nan, 7.8, 6.0, 1.6, 8.3, 1.2, 56.7, 1.1, 3.7, 4.2),\n",
       "       (nan, 9.7, 11.4, 2.8, 12.5, 2.0, 34.3, 5.0, 1.1, 4.0),\n",
       "       (nan, 10.6, 10.8, 3.7, 25.0, 9.9, 21.9, 4.8, 0.7, 2.4),\n",
       "       (nan, 8.4, 11.6, 3.7, 11.1, 5.4, 24.6, 6.5, 0.8, 3.6),\n",
       "       (nan, 9.5, 4.9, 2.7, 33.7, 5.8, 26.3, 5.1, 1.0, 1.4),\n",
       "       (nan, 18.0, 9.9, 3.3, 19.5, 5.7, 28.1, 4.8, 2.4, 6.5),\n",
       "       (nan, 10.2, 3.0, 2.8, 17.6, 5.9, 41.7, 2.2, 7.8, 6.5),\n",
       "       (nan, 5.3, 12.4, 2.9, 9.7, 0.3, 40.1, 4.0, 5.4, 4.2),\n",
       "       (nan, 13.9, 10.0, 4.7, 25.8, 2.2, 24.0, 6.2, 1.6, 2.9),\n",
       "       (nan, 9.0, 5.1, 2.9, 13.7, 3.4, 36.8, 2.1, 4.3, 6.7),\n",
       "       (nan, 9.5, 13.6, 3.6, 23.4, 2.5, 22.4, 4.2, 1.8, 3.7),\n",
       "       (nan, 9.4, 4.7, 2.7, 23.3, 9.7, 23.0, 4.6, 1.6, 2.7),\n",
       "       (nan, 6.9, 10.2, 2.7, 19.3, 3.0, 36.1, 5.9, 2.0, 6.6),\n",
       "       (nan, 6.2, 3.7, 1.1, 4.9, 14.2, 27.0, 5.9, 4.7, 7.9),\n",
       "       (nan, 6.2, 6.3, 1.5, 11.1, 1.0, 49.6, 3.1, 5.3, 2.8),\n",
       "       (nan, 7.1, 3.4, 3.1, 8.6, 7.0, 29.2, 5.7, 5.9, 7.2),\n",
       "       (nan, 9.9, 7.8, 3.5, 24.7, 7.5, 19.5, 3.7, 1.4, 2.0),\n",
       "       (nan, 13.1, 10.1, 3.1, 23.8, 2.3, 25.6, 2.8, 2.4, 4.9),\n",
       "       (nan, 17.4, 5.7, 4.7, 20.6, 4.3, 24.3, 4.7, 3.4, 3.3),\n",
       "       (nan, 9.3, 4.6, 2.1, 16.6, 3.0, 43.6, 6.4, 3.4, 2.9),\n",
       "       (nan, 11.4, 12.5, 4.1, 18.8, 3.4, 18.6, 5.2, 1.5, 3.8),\n",
       "       (nan, 4.4, 5.0, 1.2, 9.5, 0.6, 55.9, 3.0, 5.7, 3.2)], \n",
       "      dtype=[('Country', '<f8'), ('RedMeat', '<f8'), ('WhiteMeat', '<f8'), ('Eggs', '<f8'), ('Milk', '<f8'), ('Fish', '<f8'), ('Cereals', '<f8'), ('Starch', '<f8'), ('Nuts', '<f8'), ('FrVeg', '<f8')])"
      ]
     },
     "execution_count": 7,
     "metadata": {},
     "output_type": "execute_result"
    }
   ],
   "source": [
    "data"
   ]
  },
  {
   "cell_type": "code",
   "execution_count": 8,
   "metadata": {
    "collapsed": false
   },
   "outputs": [],
   "source": [
    "data_array = data.view((np.float, len(data.dtype.names)))"
   ]
  },
  {
   "cell_type": "code",
   "execution_count": 9,
   "metadata": {
    "collapsed": false
   },
   "outputs": [
    {
     "data": {
      "text/plain": [
       "array([[  nan,  10.1,   1.4,   0.5,   8.9,   0.2,  42.3,   0.6,   5.5,\n",
       "          1.7],\n",
       "       [  nan,   8.9,  14. ,   4.3,  19.9,   2.1,  28. ,   3.6,   1.3,\n",
       "          4.3],\n",
       "       [  nan,  13.5,   9.3,   4.1,  17.5,   4.5,  26.6,   5.7,   2.1,   4. ],\n",
       "       [  nan,   7.8,   6. ,   1.6,   8.3,   1.2,  56.7,   1.1,   3.7,\n",
       "          4.2],\n",
       "       [  nan,   9.7,  11.4,   2.8,  12.5,   2. ,  34.3,   5. ,   1.1,   4. ],\n",
       "       [  nan,  10.6,  10.8,   3.7,  25. ,   9.9,  21.9,   4.8,   0.7,\n",
       "          2.4],\n",
       "       [  nan,   8.4,  11.6,   3.7,  11.1,   5.4,  24.6,   6.5,   0.8,\n",
       "          3.6],\n",
       "       [  nan,   9.5,   4.9,   2.7,  33.7,   5.8,  26.3,   5.1,   1. ,\n",
       "          1.4],\n",
       "       [  nan,  18. ,   9.9,   3.3,  19.5,   5.7,  28.1,   4.8,   2.4,\n",
       "          6.5],\n",
       "       [  nan,  10.2,   3. ,   2.8,  17.6,   5.9,  41.7,   2.2,   7.8,\n",
       "          6.5],\n",
       "       [  nan,   5.3,  12.4,   2.9,   9.7,   0.3,  40.1,   4. ,   5.4,\n",
       "          4.2],\n",
       "       [  nan,  13.9,  10. ,   4.7,  25.8,   2.2,  24. ,   6.2,   1.6,\n",
       "          2.9],\n",
       "       [  nan,   9. ,   5.1,   2.9,  13.7,   3.4,  36.8,   2.1,   4.3,\n",
       "          6.7],\n",
       "       [  nan,   9.5,  13.6,   3.6,  23.4,   2.5,  22.4,   4.2,   1.8,\n",
       "          3.7],\n",
       "       [  nan,   9.4,   4.7,   2.7,  23.3,   9.7,  23. ,   4.6,   1.6,\n",
       "          2.7],\n",
       "       [  nan,   6.9,  10.2,   2.7,  19.3,   3. ,  36.1,   5.9,   2. ,\n",
       "          6.6],\n",
       "       [  nan,   6.2,   3.7,   1.1,   4.9,  14.2,  27. ,   5.9,   4.7,\n",
       "          7.9],\n",
       "       [  nan,   6.2,   6.3,   1.5,  11.1,   1. ,  49.6,   3.1,   5.3,\n",
       "          2.8],\n",
       "       [  nan,   7.1,   3.4,   3.1,   8.6,   7. ,  29.2,   5.7,   5.9,\n",
       "          7.2],\n",
       "       [  nan,   9.9,   7.8,   3.5,  24.7,   7.5,  19.5,   3.7,   1.4,   2. ],\n",
       "       [  nan,  13.1,  10.1,   3.1,  23.8,   2.3,  25.6,   2.8,   2.4,\n",
       "          4.9],\n",
       "       [  nan,  17.4,   5.7,   4.7,  20.6,   4.3,  24.3,   4.7,   3.4,\n",
       "          3.3],\n",
       "       [  nan,   9.3,   4.6,   2.1,  16.6,   3. ,  43.6,   6.4,   3.4,\n",
       "          2.9],\n",
       "       [  nan,  11.4,  12.5,   4.1,  18.8,   3.4,  18.6,   5.2,   1.5,\n",
       "          3.8],\n",
       "       [  nan,   4.4,   5. ,   1.2,   9.5,   0.6,  55.9,   3. ,   5.7,\n",
       "          3.2]])"
      ]
     },
     "execution_count": 9,
     "metadata": {},
     "output_type": "execute_result"
    }
   ],
   "source": [
    "data_array"
   ]
  },
  {
   "cell_type": "code",
   "execution_count": 10,
   "metadata": {
    "collapsed": false
   },
   "outputs": [],
   "source": [
    "data_array = data_array.transpose()"
   ]
  },
  {
   "cell_type": "code",
   "execution_count": 11,
   "metadata": {
    "collapsed": false
   },
   "outputs": [
    {
     "name": "stdout",
     "output_type": "stream",
     "text": [
      "[[  nan   nan   nan   nan   nan   nan   nan   nan   nan   nan   nan   nan\n",
      "    nan   nan   nan   nan   nan   nan   nan   nan   nan   nan   nan   nan\n",
      "    nan]\n",
      " [ 10.1   8.9  13.5   7.8   9.7  10.6   8.4   9.5  18.   10.2   5.3  13.9\n",
      "    9.    9.5   9.4   6.9   6.2   6.2   7.1   9.9  13.1  17.4   9.3  11.4\n",
      "    4.4]\n",
      " [  1.4  14.    9.3   6.   11.4  10.8  11.6   4.9   9.9   3.   12.4  10.\n",
      "    5.1  13.6   4.7  10.2   3.7   6.3   3.4   7.8  10.1   5.7   4.6  12.5\n",
      "    5. ]\n",
      " [  0.5   4.3   4.1   1.6   2.8   3.7   3.7   2.7   3.3   2.8   2.9   4.7\n",
      "    2.9   3.6   2.7   2.7   1.1   1.5   3.1   3.5   3.1   4.7   2.1   4.1\n",
      "    1.2]\n",
      " [  8.9  19.9  17.5   8.3  12.5  25.   11.1  33.7  19.5  17.6   9.7  25.8\n",
      "   13.7  23.4  23.3  19.3   4.9  11.1   8.6  24.7  23.8  20.6  16.6  18.8\n",
      "    9.5]\n",
      " [  0.2   2.1   4.5   1.2   2.    9.9   5.4   5.8   5.7   5.9   0.3   2.2\n",
      "    3.4   2.5   9.7   3.   14.2   1.    7.    7.5   2.3   4.3   3.    3.4\n",
      "    0.6]\n",
      " [ 42.3  28.   26.6  56.7  34.3  21.9  24.6  26.3  28.1  41.7  40.1  24.\n",
      "   36.8  22.4  23.   36.1  27.   49.6  29.2  19.5  25.6  24.3  43.6  18.6\n",
      "   55.9]\n",
      " [  0.6   3.6   5.7   1.1   5.    4.8   6.5   5.1   4.8   2.2   4.    6.2\n",
      "    2.1   4.2   4.6   5.9   5.9   3.1   5.7   3.7   2.8   4.7   6.4   5.2\n",
      "    3. ]\n",
      " [  5.5   1.3   2.1   3.7   1.1   0.7   0.8   1.    2.4   7.8   5.4   1.6\n",
      "    4.3   1.8   1.6   2.    4.7   5.3   5.9   1.4   2.4   3.4   3.4   1.5\n",
      "    5.7]\n",
      " [  1.7   4.3   4.    4.2   4.    2.4   3.6   1.4   6.5   6.5   4.2   2.9\n",
      "    6.7   3.7   2.7   6.6   7.9   2.8   7.2   2.    4.9   3.3   2.9   3.8\n",
      "    3.2]]\n"
     ]
    }
   ],
   "source": [
    "print(data_array)\n"
   ]
  },
  {
   "cell_type": "code",
   "execution_count": 12,
   "metadata": {
    "collapsed": false
   },
   "outputs": [
    {
     "data": {
      "text/plain": [
       "array([[ 10.1,   8.9,  13.5,   7.8,   9.7,  10.6,   8.4,   9.5,  18. ,\n",
       "         10.2,   5.3,  13.9,   9. ,   9.5,   9.4,   6.9,   6.2,   6.2,\n",
       "          7.1,   9.9,  13.1,  17.4,   9.3,  11.4,   4.4],\n",
       "       [  1.4,  14. ,   9.3,   6. ,  11.4,  10.8,  11.6,   4.9,   9.9,\n",
       "          3. ,  12.4,  10. ,   5.1,  13.6,   4.7,  10.2,   3.7,   6.3,\n",
       "          3.4,   7.8,  10.1,   5.7,   4.6,  12.5,   5. ],\n",
       "       [  0.5,   4.3,   4.1,   1.6,   2.8,   3.7,   3.7,   2.7,   3.3,\n",
       "          2.8,   2.9,   4.7,   2.9,   3.6,   2.7,   2.7,   1.1,   1.5,\n",
       "          3.1,   3.5,   3.1,   4.7,   2.1,   4.1,   1.2],\n",
       "       [  8.9,  19.9,  17.5,   8.3,  12.5,  25. ,  11.1,  33.7,  19.5,\n",
       "         17.6,   9.7,  25.8,  13.7,  23.4,  23.3,  19.3,   4.9,  11.1,\n",
       "          8.6,  24.7,  23.8,  20.6,  16.6,  18.8,   9.5],\n",
       "       [  0.2,   2.1,   4.5,   1.2,   2. ,   9.9,   5.4,   5.8,   5.7,\n",
       "          5.9,   0.3,   2.2,   3.4,   2.5,   9.7,   3. ,  14.2,   1. ,\n",
       "          7. ,   7.5,   2.3,   4.3,   3. ,   3.4,   0.6],\n",
       "       [ 42.3,  28. ,  26.6,  56.7,  34.3,  21.9,  24.6,  26.3,  28.1,\n",
       "         41.7,  40.1,  24. ,  36.8,  22.4,  23. ,  36.1,  27. ,  49.6,\n",
       "         29.2,  19.5,  25.6,  24.3,  43.6,  18.6,  55.9],\n",
       "       [  0.6,   3.6,   5.7,   1.1,   5. ,   4.8,   6.5,   5.1,   4.8,\n",
       "          2.2,   4. ,   6.2,   2.1,   4.2,   4.6,   5.9,   5.9,   3.1,\n",
       "          5.7,   3.7,   2.8,   4.7,   6.4,   5.2,   3. ],\n",
       "       [  5.5,   1.3,   2.1,   3.7,   1.1,   0.7,   0.8,   1. ,   2.4,\n",
       "          7.8,   5.4,   1.6,   4.3,   1.8,   1.6,   2. ,   4.7,   5.3,\n",
       "          5.9,   1.4,   2.4,   3.4,   3.4,   1.5,   5.7],\n",
       "       [  1.7,   4.3,   4. ,   4.2,   4. ,   2.4,   3.6,   1.4,   6.5,\n",
       "          6.5,   4.2,   2.9,   6.7,   3.7,   2.7,   6.6,   7.9,   2.8,\n",
       "          7.2,   2. ,   4.9,   3.3,   2.9,   3.8,   3.2]])"
      ]
     },
     "execution_count": 12,
     "metadata": {},
     "output_type": "execute_result"
    }
   ],
   "source": [
    "data_array[1:10]"
   ]
  },
  {
   "cell_type": "markdown",
   "metadata": {},
   "source": [
    "## Samples clustering using scipy\n",
    "First, we'll implement the clustering using scipy modules"
   ]
  },
  {
   "cell_type": "code",
   "execution_count": 13,
   "metadata": {
    "collapsed": true
   },
   "outputs": [],
   "source": [
    "import numpy as np\n",
    "import matplotlib.pyplot as plt\n",
    "from scipy.spatial.distance import pdist, squareform\n",
    "from scipy.cluster.hierarchy import linkage, dendrogram"
   ]
  },
  {
   "cell_type": "code",
   "execution_count": 14,
   "metadata": {
    "collapsed": false
   },
   "outputs": [],
   "source": [
    "data_dist = pdist(data_array[1:10]) # computing the distance\n",
    "data_link = linkage(data_dist) # computing the linkage"
   ]
  },
  {
   "cell_type": "code",
   "execution_count": 15,
   "metadata": {
    "collapsed": true
   },
   "outputs": [],
   "source": [
    "dendrogram(data_link,labels=data.dtype.names)\n",
    "plt.xlabel('Samples')\n",
    "plt.ylabel('Distance')\n",
    "plt.suptitle('Samples clustering', fontweight='bold', fontsize=14);"
   ]
  },
  {
   "cell_type": "code",
   "execution_count": 16,
   "metadata": {
    "collapsed": false
   },
   "outputs": [
    {
     "data": {
      "image/png": "iVBORw0KGgoAAAANSUhEUgAAAi0AAAGWCAYAAAC0DLNZAAAABHNCSVQICAgIfAhkiAAAAAlwSFlz\nAAAPYQAAD2EBqD+naQAAIABJREFUeJzt3XmYHFXZ/vHvzU4EAkRWFUEIGBCQBEEEQQUEXFhFDEQW\nF1TkB2/UF0RBUBSQVw0uoCAiS2QUlE1kDyCLCkLYjRBIwk7YQxL25Pn9cU6TmkrPTM9MT3dqcn+u\nq6+ZPnWq6lR1ddVTZ6lWRGBmZma2oFuk3QUwMzMza4SDFjMzM6sEBy1mZmZWCQ5azMzMrBIctJiZ\nmVklOGgxMzOzSnDQYmZmZpXgoMXMzMwqwUGLmZmZVYKDFrNBRtK7Jc0tvLZud5n6QtI2pe1Yo91l\najVJ0wrb/712l8es3Ry02EJB0uckXSHpKUmvS3pR0hRJ10k6SdLH213GARD5VXVt244FIGgIBs/n\naNZvi7W7AGYDTdLZwJj8tnbyXza/1gS2AdYArmp54QaWGBwXu3ZuR7sDhh8CQ/P//2hjOcwWCA5a\nbFCTtAMpYKldeG4HrgRmASsBI4Et2lM6q4iWB02SlomIWRHxu1au12xB5+YhG+yKzT4PRsRmEXFU\nRPw4Ir4VER8jBS//V5xJ0gqSTpR0jaSpkl6S9FpuXrpK0hhK6vTBWFfS93MTw2xJt+QgCklvl/Q7\nSU9LelnSjZK2qrPM4vL2lbSTpJskzZT0vKTzJa3d250i6dOSLpL0RN6u5yVNkLR3F/k/LOkCSY/l\n/DPzfrlM0tGSlu3FuodI+h9J10t6Ni/vyfz+oAaXcX1hv5xRmrZfYdqc0rRhkn4i6V5JswrrvkXS\nLyVtlvOdKWku8O7arMAxxc+jtNxlJR0h6V+56fE1SQ9L+r2k9euU/+jCsqZIWlHSyZIelfQm8IWc\nr27zVJ1jbS1JB0m6S9IrkqZL+q2k5euse2lJx+fyvZL3xVckralB0BfKBrmI8MuvQfsCfg7Mza/p\nwHsanG+DPM+cOq/a8k4vzbNNaZ5/l97PBd4APgtMqTPtZWC90jKLeSbUKdNc4GlgncI87y6UcQ6w\ndWGagLNL08vb9UdAhXm2zeWutz9qaes2uF/fAzzQzfon1tmftXxrFKZdV5jvjNI69isuu5C+JPDf\nHrb9uJz393WmFfO/WVjucGBqN8t9BfhMqYxHF/JOB/5TmveQnG9qIe173RxrN3Sx7utK612si7xz\ngItL6Vs38pn65VcrX24essFuYv4bpBqVByTdSQoobied1B+qM99c0oXkVuAp4EVgKWATYGfSxf8A\nSb+JiNvqzC9S01MH6cLz/4BlSLWbf8zlOQt4DjgEWJR0UT0UqFfbIOAjudyXA+8DdsvLGQb8Btiu\ngf1xOPOaywL4M3A3sBbweWBxYE/gTuCEPM+Xc/mCdNE/H3iT1A/o/Xmf9EjSIsBFwNrMa275NykY\nWxTYHFiukWXVFkn3zTbl6R8F1s1prwKnA08AqwLrkAKBmg7gHuC7wAp5nqsp9XvK23QhaV8E8Azw\nB+AFYAfgQ6TP9SxJt0XEtDrlXAl4e172P/L76b3czi1z+f4J7ApslKdtLWmziLg1v/8fYKvC8u4m\nBSsbA7vk9MHSF8oGo3ZHTX75NZAv0sXwVjrfMZdfNwAbdTH/u4DdSYHEN4BvAo8y7470u4W85bvf\n3xSm/ag07eeFaecWpv27tP5a+lzSBWaxwrRT6Xx3/56cXremhXQxerpQhqNL6/pWYZ6nC+kXFdI/\nW2cfrQws1cBn8anSPjilTp416+zPrmpaauld1bTMpXNNy66FeS6rs+7FgdVKaVML83yvzjyfLqzr\ndWDtwrRFgLsK8/+kMK1Y09JpWiPrr3OsnV+YtgKpZqw27euFaf8tHE8PAUsWpv2+3nHjl18L0ss1\nLTaoRcQcSR8FjiD1E1ilMLl2R7kVcJWkDSLiOQBJK5KaUT7RwyreWSetttw/FNKmlaadX5j2UGHa\nCl1tCvCniHizkDaeVAtSM4rU7NSV9Uh39LW76aMlHd1F+YdJWjciHgBuZF7t0lmSvkpq4rkfuDnm\n3cX3pNZnp7YP5htCHPVrIprl38BrpJqPHSXdSwoEHwDuACZExJO9XOaW+W+Qml4mS6qXT6Ral3rp\nQQpq+6I2/29qCRHxgqRnScd6kI8pScswr6YpSIHOa4Vl/Z4U8JktsNwR1wa9iJgdEUdGxOqkZpUv\nkppmXipkW4nUPFJzBilgiS5eNUt2s+onCv+/3s20YiDS3Xfy6dL7WhNCrTzzdbosWbH0vqttqy1v\npfz3JFIA9yawBOku/0Dgp8C/JN0tqRgMNrL+lyPi2QbmaUQ5Sqj7mUTE46SL8jOkbRwB7EUKni4E\nnpC0Vy/XXdym7vZnrXmynmcj4oVerrdsWul9MRipHVNDS3me6uG92QLHNS22UImIScAk4ExJx9C5\nZmI4pNEtwCeZd/GeQKrReCQiQtItwAcaWN0b3Ux7s5tpXVm59L4WKNTutl/sYf7nC//X+tTc203+\naZBqq4D9JX2TVFuwXn7tRrqL34DU/+WAXqx/iKS39yNwKY7eWbo0bXhXM0XEeZL+AmwGbJjzfpTU\nL2cZ4HRJf42IlxssR22bROpwe1Q3eWd0kT67wXV1p3ys1euTUj4+ysfTqk0oh9mActBig5qkfUkd\naDsiYmZp8iuki9+i+X3tpD6UeR1PAf4WEQ/n5a1H6uTY6o6KAvaSdEIOIqBzzRCkjsXduZ/U8XcY\nqfxLR8TP5luRtBKwZa6ZQNK6wKO56eyv+YWk+4Cf5WWNbGAbbgIOY96++z7w9dK614iIRxpYVu2z\nErCJpMUj4g1J7yDVptSawIrLXgFYNi//n/lFHhb8fJ5nCCkguyPPVgwGhtQpR/GBb0sB90XEleVM\neSj1qw1s14CJiNmS/gu8NyftLul7hSbHL7SpaGYNc9Big91apE6PJ0m6iTQq5nnShfszzPsOBHBF\n/v9p0kWx1txyVG7+WIx0Yl+CgRlh0dPyNiA1x/yN1My1e2HadRFR7s/SaXm5luhnpP4TtSBobdKo\nk5mkO+1NSaN4biR1wAUYC3xe0gRSx9DppGaRffN00XMtD8BlpBE5G+b3X5M0EriWeaOtViL1zenJ\nv5k3emodYKKkSaRak3IzWM26wD8l/ZvUQfYJUo3XjoXtKNdYPZ6XD6m26VXSvnooIi4C/kaquRuR\n579Y0gWkkWeLkEZKbUMaXbQ/qQ9NUauD39OBn+T/h5OOp0tJo8B2pk6wZ7YgcdBiC4Mg9XPYjvmH\nBdcuGqdFxI3wVufdE4Dj87QVgW/nvPeSLtyjaP7JvbvlBWmo8450vqgHqfakq2HS5YviCaSahFot\nzab5VVxe8W/N0qSRMvXMYd6FsEsRMVfSrqTgsBYIbJ5fNXf2tJzsd6SRXCuStnOD/JpDeuLxjl3P\nyqbUb94L4C8RMbWQdgHzhkKvzLzOw5cCF+VjpbZNa5JGIH2uznK7Ck5aHSD8gjS0eSvmBYojSeW7\njM4dz+fON7dZm7kjrg1240g1KqcAtwAPkx7i9hrwGHAJsHtEfK04U0ScSGq6eIDUifZJ4DTSBWwW\nXf+QXVfp/ZlWcx7pCb835DK8CPwF+FAe5dPj8iLZn9Rn5y+k4duvkZouppGafv4HKD4Z93Tgx8Df\ngUdIzWqv5f/PA7aJiL92U+7i+qeS7uq/QWouep7UBPNMfn96g9vxDLA1KZCbmffHNaRn2fypi/nu\nz+u9IP//Iqmm5fm87kOA0aX1n0yqqZuSyznfciNiMqnJ8DBSc9HzebkvkWp0TifVCp3byLbV0dX0\nnuafLz03Be1A+jxrn/0k0mdeHsHUSO2ZWUspotW1k2bWqPy4+NqX9ICIOLud5bHqk7RURMzXv0bS\nT0hBHaRAcFhpiL1Z27l5yMxs4XKdpCmkfkuPkkaA7cS8Zq0gPRjRAYstcBy0mC34/Fh1a6alSM1g\n5aawWlPTpcCRrS6UWSMctJgt2BysWLP9ktTP632kUXQi9Sm6DTgnj4oyWyC5T4uZmZlVgkcPmZmZ\nWSU4aDEzM7NKcNBiZmZmleCgxczMzCrBQYuZmZlVgoMWMzMzqwQHLWZmZlYJDlrMzMysEhy0mJmZ\nWSU4aDEzM7NKcNBiZmZmlbDQ/mCipGHADsA04NX2lsbMzKxSlgLWBK6MiOdatdKFNmghBSx/aHch\nzMzMKmwf4NxWrWxhDlqmAYwfP54RI0a0uShmZmbVMWnSJMaMGQP5WtoqC3PQ8irAiBEjGDlyZLvL\nYmZmVkUt7V7hjrhmZmZWCQ5azMzMrBIctJiZmVklOGgxMzOzSnDQYmZmZpXgoMXMzMwqwUGLmZmZ\nVYKDFjMzM6sEBy1mZmZWCQ5azMzMrBIW5sf4t8zkyTBzZrtLYQuzZZeF4cPbXQozs/5x0DLAJk+G\ndddtdynM4IEHHLiYWbU5aBlgtRqW8ePBPyZt7TBpEowZ49o+M6s+By0tMmIE+MekzczM+s4dcc3M\nzKwSHLSYmZlZJThoMTMzs0pw0GJmZmaV4KDFzMzMKsFBi5mZmVWCgxYzMzOrBActZmZmVgkOWszM\nzKwSHLSYmZlZJThoMTMzs0pw0GJmZmaV4KDFzMzMKsFBi5mZmVWCgxYzMzOrBActZmZmVgkOWszM\nzKwSHLSYmZlZJSwQQYukD0u6RNLjkuZK2rlOnh9IekLSy5KulrROafqSkk6W9KykmZL+LGnl1m2F\nmZmZDaQFImgB3gbcCRwERHmipMOBg4EDgc2A2cCVkpYoZDsJ+CSwB7A1sDrwl4EttpmZmbXKYu0u\nAEBEXAFcASBJdbIcChwbEZfmPPsC04FdgfMkLQd8AfhcRPw95zkAmCRps4i4tQWbYWZmZgNoQalp\n6ZKktYBVgQm1tIh4CbgF2CInbUoKwIp57gceKeQxMzOzClvggxZSwBKkmpWi6XkawCrA6zmY6SqP\nmZmZVVgVghYzMzOzBaNPSw+eAkSqTSnWtqwC3FHIs4Sk5Uq1LavkaV0aO3YsQ4cO7ZQ2evRoRo8e\n3d9ym5mZVV5HRwcdHR2d0mbMmNGWsizwQUtETJX0FLAtcDdA7ni7OXByznY78GbOc2HOsx6wBvDP\n7pY/btw4Ro4cOTCFNzMzq7h6N/ITJ05k1KhRLS/LAhG0SHobsA6pRgXgPZI2Bp6PiEdJw5mPlPQg\nMA04FngMuBhSx1xJvwN+JukFYCbwC+BmjxwyMzMbHBaIoIU0+uc6UofbAH6a088CvhARJ0oaApwK\nLA/cCOwUEa8XljEWmAP8GViSNIT6660pvpmZmQ20BSJoyc9W6bZTcEQcAxzTzfTXgP+XX2ZmZjbI\nePSQmZmZVYKDFjMzM6sEBy1mZmZWCQ5azMzMrBIctJiZmVklOGgxMzOzSnDQYmZmZpXgoMXMzMwq\nwUGLmZmZVYKDFjMzM6sEBy1mZmZWCQ5azMzMrBIctJiZmVklOGgxMzOzSnDQYmZmZpXgoMXMzMwq\nwUGLmZmZVYKDFjMzM6sEBy1mZmZWCQ5azMzMrBIctJiZmVklOGgxMzOzSnDQYmZmZpXgoMXMzMwq\nwUGLmZmZVYKDFjMzM6sEBy1mZmZWCQ5azMzMrBIctJiZmVklOGgxMzOzSnDQYmZmZpXgoMXMzMwq\nwUGLmZmZVYKDFjMzM6sEBy1mZmZWCQ5azMzMrBIctJiZmVklOGgxMzOzSnDQYmZmZpXgoMXMzMwq\nwUGLmZmZVYKDFjMzM6sEBy1mZmZWCZUIWiQtIulYSVMkvSzpQUlH1sn3A0lP5DxXS1qnHeU1MzOz\n5qtE0AJ8G/gKcBDwXuAw4DBJB9cySDocOBg4ENgMmA1cKWmJ1hfXzMzMmm2xdhegQVsAF0fEFfn9\nI5L2JgUnNYcCx0bEpQCS9gWmA7sC57WysGZmZtZ8Valp+QewraThAJI2BrYELsvv1wJWBSbUZoiI\nl4BbSAGPmZmZVVxValpOAJYD/itpDinY+m5E/DFPXxUIUs1K0fQ8zczMzCquKkHLXsDewOeA/wDv\nB34u6YmIOKc/Cx47dixDhw7tlDZ69GhGjx7dn8WamZkNCh0dHXR0dHRKmzFjRlvKUpWg5UTg+Ig4\nP7+/T9KawBHAOcBTgIBV6FzbsgpwR3cLHjduHCNHjmx2ec3MzAaFejfyEydOZNSoUS0vS1X6tAwB\n5pTS5pLLHxFTSYHLtrWJkpYDNif1hzEzM7OKq0pNy1+BIyU9BtwHjATGAqcX8pyU8zwITAOOBR4D\nLm5tUc3MzGwgVCVoOZgUhJwMrAw8Afw6pwEQESdKGgKcCiwP3AjsFBGvt764ZmZm1myVCFoiYjbw\njfzqLt8xwDEtKJKZmZm1WFX6tJiZmdlCzkGLmZmZVYKDFjMzM6sEBy1mZmZWCQ5azMzMrBIctJiZ\nmVklOGgxMzOzSnDQYmZmZpXgoMXMzMwqwUGLmZmZVYKDFjMzM6sEBy1mZmZWCQ5azMzMrBIctJiZ\nmVklOGgxMzOzSnDQYmZmZpXgoMXMzMwqwUGLmZmZVYKDFjMzM6sEBy1mZmZWCQ5azMzMrBIctJiZ\nmVklOGgxMzOzSnDQYmZmZpXgoMXMzMwqwUGLmZmZVYKDFjMzM6uEfgctkpZqRkHMzMzMutOnoEXS\nIpKOkvQ4MEvSe3L6sZK+2NQSmpmZmdH3mpYjgf2Bw4DXC+n3Al/qZ5nMzMzM5tPXoGVf4MCI+AMw\np5B+F/DefpfKzMzMrKSvQcs7gAe7WN7ifS+OmZmZWX19DVr+A3y4TvpngDv6XhwzMzOz+hbr43w/\nAM6S9A5S4LO7pPVIzUafalbhzMzMzGr6VNMSERcDnwa2A2aTgpgRwKcj4urmFc/MzMws6WtNCxFx\nI7B9E8tiZmZm1qW+PqflA5I2r5O+uaRN+18sMzMzs8762hH3ZGD1OunvyNPMzMzMmqqvQcv6wJ11\n0u/I08zMzMyaqq9By2vAqnXSVwPe7HtxzMzMzOrra9ByFXC8pKG1BEnLA8cBHj1kZmZmTdfX0UPf\nAm4AHpZUe5jc+4HpwOebUTAzMzOzoj4FLRHxuKSNgH2AjYFXgN8DHRHxRhPLZ2ZmZgb07zkts4HT\nmliWbklaHfgxsBMwBJgMHBAREwt5fkD6lenlgZuBr0VEvd9IMjMzs4rpc9AiaTjwUWBlSn1jIuIH\n/SxXeV21IGQCsAPwLDAceKGQ53DgYNJPCUwDfghcKWlERLzezPKYmZlZ6/UpaJH0ZeDXpODhKSAK\nk4P0WP9m+jbwSER8qZD2cCnPocCxEXFpLuO+pD42uwLnNbk8ZmZm1mJ9HT10JPDdiFg1It4fEZsU\nXiObWcDs08Btks6TNF3SRElvBTCS1iINwZ5QS4uIl4BbgC0GoDxmZmbWYn0NWlYAzm9mQXrwHuBr\nwP3Ax0m1PL+QVBuptCqphmd6ab7p1H+ejJmZmVVMX/u0nE8KHn7TxLJ0ZxHg1og4Kr+/S9L7gK8C\n5/RnwWPHjmXo0KGd0kaPHs3o0aP7s1gzM7NBoaOjg46Ojk5pM2bMaEtZ+hq0PAgcK+mDwD1Ap2HO\nEfGL/has5ElgUiltErB7/v8pQMAqdK5tWYX00wJdGjduHCNHDkSLlpmZWfXVu5GfOHEio0aNanlZ\n+hq0HAjMArbJr6IAmh203AysV0pbj9wZNyKmSnoK2Ba4G0DScsDm+AcczczMBoW+PlxurWYXpAfj\ngJslHUEaCbQ56XksXy7kOQk4UtKDpCHPxwKPARe3tqhmZmY2EPr8nJZWiojbJO0GnAAcBUwFDo2I\nPxbynChpCHAq6eFyNwI7+RktZmZmg0N/Hi73TmBnYA1gieK0iPhGP8s1n4i4DLishzzHAMc0e91m\nZmbWfn19uNy2wCXAFOC9wL3AmqTOsBO7ntPMzMysb/r6nJbjgZ9ExIbAq8AewLuAv9Pa57eYmZnZ\nQqKvQcsI4Oz8/5vA0hExC/gecHgzCmZmZmZW1NegZTbz+rE8CaxdmPb2fpXIzMzMrI6+dsT9F7AV\n6QFvlwE/lbQh6WFv/2pS2czMzMze0teg5RvAMvn/o/P/ewGT8zQzMzOzpurrw+WmFP6fTfoNIDMz\nM7MB06c+LZKmSBpWJ315SVPqzWNmZmbWH33tiLsmsGid9CWBd/S5NGZmZmZd6FXzkKSdC293kFT8\nbepFST9YOK0J5TIzMzPrpLd9Wi7KfwM4qzTtDVLA8s1+lsnMzMxsPr0KWiJiEQBJU4EPRMSzA1Iq\nMzMzs5K+jh5aq5wmafmIeLH/RTIzMzObX19HDx0uaa/C+/OB5yU9LmnjppXOzMzMLOvr6KGvAo8C\nSNoe2A7YEbgc+L/mFM3MzMxsnr4+EXdVctACfAo4LyKukjQNuKUZBTMzMzMr6mtNywvAu/L/OwLX\n5P9F/ee3mJmZmfVLX2taLgDOlTQZGEZqFgLYBHiwGQUzMzMzK+pr0DKW9EyWdwGHRcSsnL4acEoT\nymVmZmbWSV+HPL8B/KRO+rh+l8jMzMysjoaDlvwI/8sj4o3S4/znExGX9LtkZmZmZgW9qWm5iDRq\n6GnmPc6/nsCdcc3MzKzJGg5aao/wL/9vZmZm1gq97tMiaRFgf2B3YE1SzcoU4C/AORERTSyfmZmZ\nGdDL57RIEnAJcDrwDuAe4D5S8HImcGFzi2dmZmaW9LamZX9ga2DbiLiuOEHSx4CLJO0bEWc3qXxm\nZmZmQO+fiDsaOK4csABExLXACcA+zSiYmZmZWVFva1o2Ag7rZvrlwCF9L45VweTnJjPz9ZntLoY1\naNIzSwMjmPTMJHjylXYXxxq07BLLMnzY8HYXw2yB0tugZUVgejfTpwMr9L04tqCb/Nxk1v3Vuu0u\nhvXGzFVhm68w5upT4V9Ptbs01gsPHPyAAxezgt4GLYsCb3YzfU4flmkVUqthGb/beEasNKLNpbHe\n6faZkLYAmfTMJMZcOMY1mmYlvQ0wBJwp6bUupi/Zz/JYRYxYaQQjVxvZ7mKYmdlCpLdBy1kN5PHI\nITMzM2u6XgUtEXHAQBXEzMzMrDt+HL+ZmZlVgoMWMzMzqwQHLWZmZlYJDlrMzMysEhy0mJmZWSU4\naDEzM7NKcNBiZmZmleCgxczMzCrBQYuZmZlVQiWDFknfljRX0s9K6T+Q9ISklyVdLWmddpXRzMzM\nmqtyQYukDwAHAneV0g8HDs7TNgNmA1dKWqLlhTQzM7Omq1TQImkZYDzwJeDF0uRDgWMj4tKIuBfY\nF1gd2LW1pTQzM7OBUKmgBTgZ+GtEXFtMlLQWsCowoZYWES8BtwBbtLSEZmZmNiB69SvP7STpc8D7\ngU3rTF4VCGB6KX16nmZmZmYVV4mgRdI7gZOA7SLijXaXx8zMzFqvEkELMApYCZgoSTltUWBrSQcD\n7wUErELn2pZVgDu6W/DYsWMZOnRop7TRo0czevToJhXdzMysujo6Oujo6OiUNmPGjLaUpSpByzXA\nhqW0M4FJwAkRMUXSU8C2wN0AkpYDNif1g+nSuHHjGDlyZNMLbGZmNhjUu5GfOHEio0aNanlZKhG0\nRMRs4D/FNEmzgeciYlJOOgk4UtKDwDTgWOAx4OIWFtXMzMwGSCWCli5EpzcRJ0oaApwKLA/cCOwU\nEa+3o3BmZmbWXJUNWiLiY3XSjgGOaXlhzMzMbMBV7TktZmZmtpBy0GJmZmaV4KDFzMzMKsFBi5mZ\nmVWCgxYzMzOrBActZmZmVgkOWszMzKwSHLSYmZlZJThoMTMzs0pw0GJmZmaV4KDFzMzMKsFBi5mZ\nmVWCgxYzMzOrBActZmZmVgkOWszMzKwSHLSYmZlZJThoMTMzs0pw0GJmZmaV4KDFzMzMKsFBi5mZ\nmVWCgxYzMzOrBActZmZmVgkOWszMzKwSHLSYmZlZJThoMTMzs0pw0GJmZmaV4KDFzMzMKsFBi5mZ\nmVWCgxYzMzOrBActZmZmVgkOWszMzKwSHLSYmZlZJThoMTMzs0pw0GJmZmaVsFi7C2Bm/TP5ucnM\nfH1mu4thTTTp2Umd/trgsOwSyzJ82PB2F6PSHLSYVdjk5yaz7q/WbXcxbICMuWBMu4tgTfbAwQ84\ncOkHBy1mFVarYRm/23hGrDSizaUxq65HXnyE2W/OHrDlT31hKkdddxS3PnHrgNeMDuYaHQctZoPA\niJVGMHK1ke0uhlklTX5uMrudt1tL1tWq2rPBWqPjoMXMzBZqg6nGctIzkxhz4ZhB28/NQYuZmRmu\nsawCD3k2MzOzSnDQYmZmZpXgoMXMzMwqoRJBi6QjJN0q6SVJ0yVdKGm+h1NI+oGkJyS9LOlqSeu0\no7xmZmbWfJUIWoAPA78ENge2AxYHrpK0dC2DpMOBg4EDgc2A2cCVkpZofXHNzMys2SoxeigiPlF8\nL2l/4GlgFHBTTj4UODYiLs159gWmA7sC57WssGZmZjYgqlLTUrY8EMDzAJLWAlYFJtQyRMRLwC3A\nFu0ooJmZmTVX5YIWSQJOAm6KiP/k5FVJQcz0UvbpeZqZmZlVXCWah0pOAdYHtmx3QczMzKx1KhW0\nSPoV8AngwxHxZGHSU4CAVehc27IKcEd3yxw7dixDhw7tlDZ69GhGjx7dlDKbmZlVWUdHBx0dHZ3S\nZsyY0ZayVCZoyQHLLsA2EfFIcVpETJX0FLAtcHfOvxxptNHJ3S133LhxjBzpxzabmZnVU+9GfuLE\niYwaNarlZalE0CLpFGA0sDMwW9IqedKMiHg1/38ScKSkB4FpwLHAY8DFLS6umZmZDYBKBC3AV0kd\nba8vpR8AnA0QESdKGgKcShpddCOwU0S83sJympmZ2QCpRNASEQ2NcoqIY4BjBrQwZmZm1haVG/Js\nZmZmCycHLWZmZlYJDlrMzMysEhy0mJmZWSU4aDEzM7NKcNBiZmZmlVCJIc9mA2Xyc5OZ+frMdhej\nzyY9O6nT3ypadollGT5seLuLYWYV4KDFFlqTn5vMur9at93FaIoxF4xpdxH65YGDH3DgYmY9ctBi\nC61aDcv43cYzYqURbS7NwmnSM5MYc+GYStd2mVnrOGixhd6IlUYwcjX/aKaZ2YLOHXHNzMysEhy0\nmJmZWSWobRWAAAAbtUlEQVQ4aDEzM7NKcNBiZmZmleCgxczMzCrBQYuZmZlVgoc8mw0iVXvCb1Wf\n6Oun+Jq1h4MWs0Giyk/4reITfS/c60LWGLpGu4sxHwdUNpg5aDEbJAbbE34fefERdjtvt3YXo0u7\n/WnBLZt/FsEGKwctZoPMYHvC72AJwlrBP4tgg52DFjNboA22IMzM+s5Bi5lZC7Sik3QrOza774y1\ng4MWM7MB1upO0q3q2Oy+M9ZqDlrMzAbYYOsk7b4z1i4OWszMWsT9c8z6x0/ENTMzs0pw0GJmZmaV\n4KDFzMzMKsFBi5mZmVWCgxYzMzOrBActZmZmVgkOWszMzKwSHLSYmZlZJThoMTMzs0pw0GJmZmaV\n4KDFzMzMKsFBi5mZmVWCgxYzMzOrBActZmZmVgkOWszMzKwSHLSYmZlZJThoMTMzs0pw0GJmZmaV\nMOiCFklflzRV0iuS/iXpA+0uk5mZmfXfoApaJO0F/BQ4GtgEuAu4UtLb21owMzMz67dBFbQAY4FT\nI+LsiPgv8FXgZeAL7S2WmZmZ9degCVokLQ6MAibU0iIigGuALdpVLjMzM2uOQRO0AG8HFgWml9Kn\nA6u2vjhmZmbWTIu1uwBttBTApEmTBnQltcUP8GpaZtIzk+AJmHT3JHiy3aXpn8G0LeDtWZANpm0B\nb8+CrFXbUrh2LjVwa5mfUgtK9eXmoZeBPSLikkL6mcDQiNitlH9v4A8tLaSZmdngsk9EnNuqlQ2a\nmpaIeEPS7cC2wCUAkpTf/6LOLFcC+wDTgFdbVEwzM7PBYClgTdK1tGUGTU0LgKTPAmeSRg3dShpN\n9BngvRHxTBuLZmZmZv00aGpaACLivPxMlh8AqwB3Ajs4YDEzM6u+QVXTYmZmZoPXYBrybGZmZoOY\ng5aKkbS/pLmS1mjT+udK+l535ZE0TdIl9ZfQHpIek3RaL+cZL+mFgSqT2cJM0n753DGyBes6U9LU\ngV5PD2WYK6neoJByvrae4xd0C23QIuk9kk6V9FD+ccUZkm6SdIiklo4776XIr34pnDDmSvpQF3ke\nzdOLAUh5/fXK09I2x9K2lF/H5Wxz+1CupuzrRhS24WVJq9WZfr2ku/uw3C0kHS1pueaUtO46Gtn/\n9ebbM+fZt5s8O+U8Xx2Y0vesh+2bI2mzdpWtK5I2lPTnfAPxSg7ar5J0cCHPEZJ2aWMxtwQE3Jb3\n5Ru5nL+XtHqT1zXfd7nwGda9mZH0o8JnfED+f779JemuPG2bOtMekXRTdwWTNCJ/R2tBSr2yfk3S\nfj1sY7d6ub0r9mddPZSjvL29Mqg64jZK0ieB80hDnc8G7gWWALYCTgTWJ41AWhi8AuwN/KOYmL+A\n72D+4eBLA2+2pmi9EsBRpCHsRffmv2sDc1pZoD5aEvg2cGgpva/B04eA7wG/B17qR7l60tP+r+ev\nwEzS8Xd2F3n2Bl4H/tTP8vVXV9sH8GBri9K9fBNyLfAwcBrwFPAu4IPAIcCvctbvAOcDF7ehmEWn\nkM4/S5HKeACwpaT3RcTrA7zuV4A9JB0UEeXz2ufy9KWAf+W0rSjsL0nLAhsAb5CCsL8Xpr0TeCc9\nPw9sfdKP/F4HPEL6LnSUtv0g4BngrN5sXB2Nbu9AKm9vryx0QYukNYEOYCrwsYh4ujD515KOAj7Z\nhPUsHRGv9Hc5LXAZsKekQyJibiF9b+A20s8jvKUFJ5H+uCIiJtabEBFvtLowfXQn8GVJx0fEU01Y\nnpqwjEZ1uf/LJIkUCFwA7CNppfIov1zjuUte7oLQTNfw9rXZd4EXgU0jYmZxggb4F+8lDYmIl3s5\n2z8KDyc7Q9JzwGHAzsCfm1rA+V2R17MTKYgG3gr81srr34P0czBTSUFL0Rak79j5daZtRTrGu61p\nyfO/dVOSfzNvoM6zjW7vQOq0vb21MDYPHQ68DfhiKWABICKmRMQva+8ljZF0W662f05SR46gKeS5\nXtLdkkZKukHSbOBHhek75fRZkl6SdKmk9UvL2DBXi9aaq56U9LtGqukkbSrpSknP5HJOkfS7BvZF\nkAK4YcD2heUtTnq+zbmULnoq9WlpVK5if0PSj3s7bzOo1KdF0mKSvi9pct7fz+TP6KN15n2npEsk\nzZT0tKQTBqiYARxHupn4dleZJL1bXTSrFD8fSUeTag4BphWqftfI07eXdKOkF/K2/VfSj8rL7C9J\ni+Z1/0zS5yXdR6rB2xYYT9reverMuguwDKU7VUlbSrpaqUl3lqQJqtNEk7fvjvz5/lepr8AJkgbk\nZkLSipLOyeV6IX+fN6r3WSk1jd2Xy3a3pF1Vp9+FpM/l889Lebl3Szqkh6K8B7ivHLAARMSzeblz\ngSFArf/EXEln5GlrSDol77OXJT0r6TxJ7y6VrdZstnXOPx14tDB99XwOe1zSq/m8dIqk8s3y4vnY\neFrSLGBr0nln7dL6ejyP5ny7Srq3uG+72VePAzeQbtKK9gbuBu4rpN0EbCJpSUmbS7qC/CBTYCTz\nBy075u0YJ+nl/P9Okr4k6Z68Tx4j1foDXK/OTY+17+lUUm3ORwrTri1s71BJJyk1Rb2az2mHSap3\nw9Kb7X1LbXslvShpttI170OlPD0eN0pNXOXtnSNp63rrrWehq2kBPgVMiYhbesoo6bukZ778Efgt\nsBKpevXvkjaJiFp1e5BqJC7Lec8m/3CjpM+THnh3BenuYQjwNeDGvIxa9dj2pEj3DFJ17gbAV0hV\naV3+SrWklUhPJHwaOJ50h7UmsHuPeyKZRqr6HM28Jxt+Algub0u5maLXJB0I/Br4YUQc3d/ldWOo\npGHFhIh4rvZvKe+PgG8BvwFuB4YCHwA2IVVb1iwBXAXcCHwT+Djwv5ImR0QjgWFvTSUdP1+WdEI/\na1suANYlVfseCtT2xTP5ZP9XUs3OUcBrwDqk5qS+6m7/A+yQy3Iy8Dypavg+0i+k7M28ZouavUnN\nR8U7wh1J1fP/JDV7AXyJdAL8YETcnfNtDlxKOr6/S6ryPo70vezrXd5825c2MZ7PF4hLgU1JzR33\nk4Kus8rrU2qe/iNwFyk4XQH4HemCEoV825NuHK4mnTsARpA+o+46dD4MfFDSBhFR9yIEjMnrvIXU\nhATwUP77AVIzTQfwGOl8chBwnaT1I6LcZHwK6fzzfdINIUr9sv5NOo+cmvfHO0g3Q0Po3FR5eN72\nY/K6vkm6wL9Vu9boeVTSx0m1BfeS9u0wUtPoY13trLydJynXEklaFNgT+CmpObzmprzfvgacQKqJ\nfpjUbLMCsKykvSKi1pS5Nel79Ye8/tNJ5/jfkK4rLwDfIDW3Lwr8EPgv8GHgwMJ6DyV9N2bmPGLe\n9WVpUhCyWl7uo6Tj43jSDwV/ox/bS17Hx0jXtttIn9FcUhPetZK2iojbctZGjpu/k47d/1fYXoDG\nf50vIhaaF7Bs3uEXNJB3DVI75eGl9PVJVXffLqRdR+ov8aVS3reRTs6/LqWvRDpgf1NIW7JOGfbK\ny92ykLZfTlsjv98lv9+kl/uitpyR+cB6sVYGUv+Ba/L/U4FLCvPNBb7XVXnK85CCvDnAEQP4ue6X\ny1V+zSnkeRQ4rfD+np6OA+CcXPbDSul3kqq0m70Ntc9jrXyMjSsdY3fn/9+dt2/fOsspfz7fLH8+\nOf3QnL7CQO9/0gl5bt6mderM/9NcljULacuTamN+X0hbJB9bF5TmH0IKgC4qpF2Vv2MrFtLeS7pA\nvNyk7ZtbWxbpJmEucHBp3mvytu1bSLubdLFbupD24Tz/lELaOOCFPnwe2+V9/QZwM+kCuz2wWCnf\nTOCMOvPXOxdtlsu3T539cj35mV+FaWfl9Xd5XiIFS0F6evkwUlCzBzA7pw/P+XpzHr2DdMFcppC2\nbXnfFr4rvygca3vn9E/k4+RdpL4Xc4AVSQHjXFKQ8rd8XM8k/RzMknme+/Iylsnb/5vS+l4t7kdg\nw8KxtHXpXFA8p94DXFtnHx5JCgDfU0o/Lh8D7+jr9hbmux/4W/kYIQW5V/ThuNkjr2PrvpxvFrbm\nodoIivmqTevYg9xWKWlY7UW6o5gMlJsRXiPdCRRtT7qD/2NpGUG6w3lrGRHxWu3/XP04LOcR6ULW\nlRdznp3rVLs26jzSif9TkpYh1Ub1+8ckJf0vcBLwvxFxfH+X14Mg3QFtV3ht303+F4ENJa3dTZ6a\ncm/7m0hV8AMiIqaSAqYDJa0yQKt5Mf/drYtq5N5qZP9PiIh6nVbHk47hYpX1nsDidD4ONyMFbB2l\n79MQUlD3UQBJSwDbAOdHxPNvFTDiv8CEJm7fdqS+AZCaAl4n3U0XnUyhiTXXQLwPOCsKfd4i4kbS\nhanoReBtknboVUEjriHVzl4MbAT8L6kW9XFJn25g/uK5aDGlJuopuTzlc1EAv418NcrziHQzdUlE\n3NFAkTclBQKPkvqGvES60C2Zpzd0HpW0KrAxcGZEzCpszwTgP91s74ukGpzROWlv0k3Jo6V8k/I+\neDupNmEb0rH3H9IN8SPAejn7h0hBzU25bLVz8/UU9mNE3EPq/NpXnyHVAs8o7ZsJpJaU+ZpdGt3e\nXO73A8OZ/zu3bF7HW8vv5XHTZwtb81CtSnLZBvKuQ7qzq3eSrddR6vGYvzf2cNIJ6zrmF8CM2htJ\nK5Cq3vYCVi7lG9pVISPi75L+TKoqHyvpeuAi4NxosNNsRDwr6RrSwfs20nb3twPcR0jBzwkR8bN+\nLqtR/47GO0oeRWo+mSzpHuBy4JyYvzp9Vv6SF71Aqg4eSD8EPk+q4h47AMv/E/BFUrPnCZImkPbH\nn4sXoF7qaf9Pq5cYEXdImkQ6idaGSO9NqgIvBhnDC2WfbzFASFqSVFW+OPOaO4oeJNVq9EV327cG\n8GTM33RSPn/U2ve7KtsmhfenkIK3yyQ9Qao9Oi8ievyBuoi4HfhMvlhuDOxGOo7Ol/T+HMDVpdQB\n+jvA/qTaj1rQ1dW5aFrp/UqkG8SumqbKTiDVSA0FvsC8m7nad6zR82ht39Y7Z99P531bdi5wtqR3\nkQKub3WR7yFSkFUb7SZS83KNJA0ljSQK4ANKw/5r+3EHUkBW3I+zqNMs06DhpNqaej9VE3S+lhQ1\nur2171xXo/vmShoaETP6cNz0yUIVtETEzPzlf18D2RchHVw75r9ls0rv60XLi5A+sDHkNsiSYpBz\nPqk98ERSW/esPP+V9NBhOiI+q9QR8dOkL8UZwDdyG3+jPfnPJV3AVgMujzqd+HrpXlI15OclnRYR\n0/q5vKaKiOtzLcsupH4qXwa+KemLEVH8gnY1THpAR+VExFRJ40m1LeXOy3WDCkkN15zmi+vWSh2P\nP0k6zvcCJkj6eD8Cl+50d0f5B+BYSRsBz5ICi1+UylH7Ph1C123gC/Lotl6JiGfyne4OpBqdnYAD\nJJ0VEQc0uIw3SRfV2yVNJvXv2BM4tpvZfkVqohhH6u82g7Tf/0T9c1F/OzbfGxHXAki6mNR8tgHz\nht725jzaV5eQjp2zSP3Yzu8i3/2koOUn+e9ipJtNSF0Hfk5qGtqStF8OYt5+/DPphvLDNG8QzCKk\nPk8/pv456YEu5mt0e2vl/CbpulRP7VrY2+OmTxaqoCW7lNTJcfPovjPuQ6SDYFoXVdqNqC3jmdqX\nsh5JywMfA46KiOKoo3UaXVFE3EpqGz5K0mjSReBzpACmEReSOsxtTv2RHL31LKnq8mbShXDLaM4Q\n3qaJNIz2TOBMSW8jlfUYur6raLUfkk7Uh5fSax0Uly+lv5v5dRt8RMR1pDvYb0k6Iq/zo6TnfLTS\nuXnde5OaYJXTimrfpxk9fJ+eIF3I6n1/htdJa4aHSaM7lirVtpTX93D+W69s86XloONv+YWkX5MC\n2WMjYkovy1jrMFl7eGFXx8YepCaWWudfcg1W+XjryjOkWu1Gbg47iYjaw89+TuondDUNnkeZt2/r\nfcbr1UkrrvdVSReR+qdcVmxWLJmQ86ye1zOuEHDdRLrp3IZ0Hl2Cwn7MrbBP0vh+7FTELtIfIvXf\nqVcL1fXCGt/eWo3gzB72PTR+3PTrhmhh69MC6aB6GThd0nxVZ5LWVhpSeAGphuXoegtRY08MvJL0\n5f1Ovf4mmvfMhNrdfPnzGEsPH3AOeMpqEfGSdabVFRGzSQ/UO4bCaI3+iIgnSO3+SwNX5yawBUL5\n88vb/xC92GcDLV+UxpNGka1aSJ9JCgrL7dVfZ/7jZXb+2+k46eKzuIt0cWj5Psg1cf8gNRHtAzwY\n80Yl1PyL1O/hsDxqopPa9yk3i15Pah4ZVpi+PunmYCBcSbpIfbmwPlH6TCLiSVIt5L6ShhTybkOq\n5qeQVu8cU+v30uVnJOkjXUyqPX+q1jQ0m/oX0DnMfy46hNRHo0e5duwi4NPq2yP6a+evPXP/pIbO\no/mm6E5gP6WHvtWmb0+qBenJT0gjoH7YTZ7xpM9zd1Lg8tZDOfNxdw/pMx9Cqsko78eNmX8/Bul7\n110w09VndR6whdKoqU6UhkJ395k1sr23k86L38o3duV1FJ/70+hxM5uet7dLC11NS0RMkbQ3acjh\nJEnFJ+JuSaodOCMifiHpSOA4SWuRvoQzSR0wdyXVSnTbVyM3R32NdOc+UdIfSXcha5BOIDcBh+R8\nN5BOxkuQhv99nDRkrKdmiP0kHUSqKXmI1F/ny6Squct6mLfTsiPinB7y91pEPJS/UNcDV0n6WBOa\nnurpbXPNA5KuJn0pXyDdGe1Cqtpsl3rb8CNS35b16Px02dOBb0v6LekOemvmtf0X3Z7TjsvH3xuk\noPR7Ss9G+BvpDnUVUkfTR+j5YViNlr23xpP6cbyTeVXub4mINyV9mdTB9J783X0i59+O9L2p1RJ+\njzS88p/5zn1J4GBS00O3d91dEPAJSSPqTLuZdH64FfippOGkwGBn5p2Yi8Hkd3L+f0j6PWlkytdJ\nF7xlCvlOz4HLtcwbQnowcEfuFNqVX+aA6MJcjtq57bOkjpFn5ny3A9tJGkvaj1Nzje2lpGbdl0id\nTLcgjcB5tov9Us93SB1ob8j7fxLpIv8Z0mjInp7OHKT9sn9EnNbIeTTPd0Qu/81Kz50ZRtpn99J5\n386/wjRcvtufyoiIN5R+TmPjXMadJL2P1Ifjo7nMa+dp19J5P4rUMbq8H1/L+Q/PN6H1fhbiduCr\nSo/heBB4Oteu/B/pOLtU0pk539vyenYnHTN1a1Ea3N6Q9CXSteS+fLw+XtjeGaTzJjR+3NxJCnBq\n2/saqZN+veOrbqEWyhfpwPoN6UL/St75N5MO8CUK+XYlnfxeyq/7SFWX6xTyXAfc1c26ts4f+vOk\nKPMB0jMSNinkWY3U5vlcztdBupDMITUb1fJ1Gg4HvJ90sp9KqkF6knRC7HYIdGE5I3vINwW4uPC+\n2/LUmyenfYDUi/w66gyN6+dn2eO2kC7Gpxbef5d05/4cqU32XtIoi0UKec4BnquzrGOB11q1DaQm\nvjnFY4zU3n9aPlZeJDWlDCt/Pjnvd/L2v1H7rEgnnAtINRev5L/nAGs3e/+T7rTmAD/tYTkrkk5g\nb3ZXDlKHygtIF66XSd/h8cBWpXzbAxPz9t0P7Av8st5n2uD2dfXat1D+c/Ln8Typ/8iWpBrbPUvL\n3JN0LnmFFKzsTOpXcF8hz26kDuJP5nxTSaORVu6hvB8n9U+7j3Req23/OODthXzr5u/jrLwdZ+T0\noaSgeHqe/2+kgHgK8LtefO7vzPvgqfw5TSadOxfL02tDnvcuzbdNXu6jpHOlcnqP59Gcb1fS9/nl\nvG93yeV4qJRvDvDzHvZlvSHAP8ppz5CaMl/O+6aDNAR5DulGaLnSfgxSH5LyfpxCetbKZFLtzFzm\nP6euTOqH8mKedm1h2hBSbcn9+bOeThpR9D/Aov3d3py+Een4LG/vRwp5yttb97jJeb9Q2N5eDX+u\nHQxmZoOepMuB1SNi4xatb1fgL6SA6p895L2DdAfdqyHOZguThbFPi5ktBHJTa/H9BqRmpF51WuzF\n+pYqvV+E9OTPl0g1PrX0xcp9DXI/lI0Hqmxmg8VC16fFzAa/PGrhQUlnkZ4jsjapo/lMeuiL1g+/\nzB2E/0nqQ7MH6TEGR0ThwVuk/gDX5CHtT5CetPqV/P+pA1Q2s0HBQYuZDUZvkB5Ytg+pb9irpH4D\n3415v/fVbNeSfuvlk6Q+Rw+SHuv/61K+F0idp79IehDbbFLn6CNiwfg1a7MFlvu0mJmZWSW4T4uZ\nmZlVgoMWMzMzqwQHLWZmZlYJDlrMzMysEhy0mJmZWSU4aDGzQUHSXEk7t7scZjZwHLSYWcMkvV3S\nryU9LOlVSU9KulzSFu0um5kNfn64nJn1xgWk88bnST/gtwrpl1yHtbNQZrZwcE2LmTVE0lBgK+Dw\niLghIh6NiNsi4scRcWnOM1bS3ZJmSXpE0smS3lZYxn6SXpD0SUn/lTRb0nmSls7Tpkp6XtLPJakw\n31RJR0o6Ny/7MUkH9VDed0r6U17fc5IukvTuwvSPSLolL+8FSTdKelfz95yZNYuDFjNr1Kz82rX8\nY4QFc0g/Erg+sC/wUeDHpTxDcp7PAjvkPBcCOwI7AWNIv8XzmdJ83wLuAN4PnAD8XNK29QohaTHg\nSmAGsCXwIdLvDl1R+MHCC0k/UPg+0m8EnQb4EeFmCzA/xt/MGiZpN+C3pMBjIvB34I8RcU8X+fcA\nfh0RK+f3+wFnAGtHxLSc9mtSoLJyRLyS0y4HpkbEQfn9VOA/EfHJwrI7gGUj4lP5/Vxg14i4RNIY\n4DsRsX4h/xKk3/3ZBbgdeBb4SETc2JSdY2YDzjUtZtawiLgQWB34NHA5sA0wUdK+AJK2k3RNbr55\nCTgHGCZpqcJiXq4FLNl0YFotYCmkrVxa/T/rvB/RRVE3AoZLmll7Ac+Rfn157fzDhGcBV0m6RNIh\nklZtaCeYWds4aDGzXomI1yNiQkT8KCK2As4Evp/7i/wVuBPYHRgJfD3PVmxOeqO8yC7S+nN+Wob0\nS8obARsXXusC5+bt+AKpWehmYC/gfkmb9WOdZjbAPHrIzPrrP6Qml1GkJudv1SZI+lwT1/PBOu8n\ndZF3IqnPzDMRMaurBUbEXcBdwI8l/QPYG7i1CWU1swHgmhYza4ikFSVNkLSPpA0lrSlpT+Aw4CLg\nQWDx3NSylqTPkzrUNsuWkr4labikr5M66p7URd4/kPqsXCxpq1zWj+RRSavn98dJ+qCkNSR9HBhO\nCsDMbAHlmhYza9Qs4F/A/wBrA4sDjwKnAsdHxGuSvkEKYo4DbgC+DZzdpPX/FNgUOIY0KmhsRFxT\nmP7WqIKIeEXS1qSRS38BlgUeByYAL5E6Er+XNMJpGPAk8MuIOK1JZTWzAeDRQ2a2wMujh8ZFxC/a\nXRYzax83D5mZmVklOGgxsypwlbCZuXnIzMzMqsE1LWZmZlYJDlrMzMysEhy0mJmZWSU4aDEzM7NK\ncNBiZmZmleCgxczMzCrBQYuZmZlVgoMWMzMzqwQHLWZmZlYJ/x9AgAzyOpbZ8gAAAABJRU5ErkJg\ngg==\n",
      "text/plain": [
       "<matplotlib.figure.Figure at 0x7d1d7f0>"
      ]
     },
     "metadata": {},
     "output_type": "display_data"
    }
   ],
   "source": [
    "plt.show()"
   ]
  },
  {
   "cell_type": "code",
   "execution_count": 17,
   "metadata": {
    "collapsed": false
   },
   "outputs": [
    {
     "data": {
      "text/plain": [
       "<matplotlib.colorbar.Colorbar at 0x86c3cc0>"
      ]
     },
     "execution_count": 17,
     "metadata": {},
     "output_type": "execute_result"
    }
   ],
   "source": [
    "# Compute and plot first dendrogram.\n",
    "fig = plt.figure(figsize=(8,8))\n",
    "# x ywidth height\n",
    "ax1 = fig.add_axes([0.05,0.1,0.2,0.6])\n",
    "Y = linkage(data_dist, method='single')\n",
    "Z1 = dendrogram(Y, orientation='right',labels=data.dtype.names) # adding/removing the axes\n",
    "ax1.set_xticks([])\n",
    "\n",
    "# Compute and plot second dendrogram.\n",
    "ax2 = fig.add_axes([0.3,0.71,0.6,0.2])\n",
    "Z2 = dendrogram(Y)\n",
    "ax2.set_xticks([])\n",
    "ax2.set_yticks([])\n",
    "\n",
    "#Compute and plot the heatmap\n",
    "axmatrix = fig.add_axes([0.3,0.1,0.6,0.6])\n",
    "idx1 = Z1['leaves']\n",
    "idx2 = Z2['leaves']\n",
    "D = squareform(data_dist)\n",
    "D = D[idx1,:]\n",
    "D = D[:,idx2]\n",
    "im = axmatrix.matshow(D, aspect='auto', origin='lower', cmap=plt.cm.YlGnBu)\n",
    "axmatrix.set_xticks([])\n",
    "axmatrix.set_yticks([])\n",
    "\n",
    "# Plot colorbar.\n",
    "axcolor = fig.add_axes([0.91,0.1,0.02,0.6])\n",
    "plt.colorbar(im, cax=axcolor)"
   ]
  },
  {
   "cell_type": "code",
   "execution_count": 18,
   "metadata": {
    "collapsed": false
   },
   "outputs": [
    {
     "data": {
